!!cz.cuni.lf1.lge.ThunderSTORM.calibration.PolynomialCalibration {a1: 1.1814699338027184E-6,
  a2: 1.0736043531443996E-6, angle: 0.14632587607636588, b1: 1.498526062150904, b2: 1.4518761671330538,
  c1: -258.84157156583194, c2: 483.98318592864956, d1: 0.0, d2: 0.0, name: ThunderSTORM,
  w01: 1.0, w02: 1.0}
